125
0 6.269000
675 7.785
675 9.685
5250 72.049
1650 11.168
2025 14.036
150 2.463
75 1.618
75 1.273
225 3.419
450 7.002
675 7.377
525 7.346
525 7.537
450 6.18
450 6.283
375 5.948
600 8.161
450 6.705
600 8.657
525 7.647
450 6.351
450 6.397
525 7.234
675 9.34
525 7.753
450 6.978
525 8.115
600 8.252
675 9.618
375 5.975
600 8.948
450 6.762
450 6.458
750 10.449
375 6.049
375 5.523
375 5.825
2160 57.596
2850 13.32
150 2.568
300 4.929
150 2.731
75 1.95
225 3.098
300 4.124
0 0.883
75 1.967
0 0.52
75 1.735
75 1.06
150 2.769
0 0.519
150 2.453
0 0.546
75 1.857
75 1.356
75 1.195
150 3.032
225 3.477
225 3.782
225 4.067
300 4.376
300 4.718
375 5.219
375 5.785
375 6.057
75 1.112
75 1.213
0 0.689
75 1.058
75 1.15
0 0.108
0 0.44
75 1.529
150 2.105
150 2.944
225 3.56
225 4.001
300 4.319
300 4.693
0 0.963
75 1.298
75 1.586
75 1.931
150 2.374
150 2.85
0 0.874
0 0.354
0 0.34
75 1.527
150 2.417
4612 58.346
3300 45.402
0 0.503
225 4.005
450 6.491
1387 18.616
0 0.697
225 3.523
0 0.589
0 0.73
75 1.878
150 2.252
150 2.58
150 2.86
225 3.38
300 4.366
0 0.589
0 0.82
0 0.984
0 0.292
0 0.269
0 0.735
0 0.856
4350 51.281
9600 45.741
5550 44.953
2325 21.425
2085 22.931
825 11.849
1597 17.362
1672 17.614
1650 22.841
900 10.913
